11 13 1 5 9 19
4 19 15 26 25 30
13 18 2 15 1 9
11 23 5 10 19 26
5 27 10 14 6 24
12 15 4 10 28 29
10 16 21 28 3 21
2 7 10 12 20 29
4 13 8 19 19 24
11 19 7 24 12 25
7 14 8 20 7 30
17 23 14 22 9 24
12 22 5 21 17 30
23 24 1 3 23 27
3 8 28 30 29 30
9 18 23 14 5 8
1 14 4 29 15 28
14 16 16 18 17 28
25 29 24 27 27 28
18 30 2 13 6 22
4 22 6 26 3 6
5 9 7 17 8 16
11 12 26 29 6 11
9 22 2 20 15 25
22 23 21 26 3 25
15 27 1 16 2 21
4 20 13 20 21 25
8 12 6 7 3 13
11 27 16 26 1 10
17 17 2 20 18 18